found solution 0 0 in 142 steps
||0||3||34||19||44||5||36||21||
||33||18||1||4||35||20||43||6||
||2||47||56||53||60||45||22||37||
||17||32||61||46||57||54||7||42||
||48||13||52||55||62||59||38||23||
||31||16||63||58||51||26||41||8||
||12||49||14||29||10||39||24||27||
||15||30||11||50||25||28||9||40||


found solution 0 1 in 1910494 steps
||3||0||17||32||39||44||15||30||
||18||33||2||45||16||31||38||43||
||1||4||63||40||59||46||29||14||
||34||19||58||55||62||37||42||47||
||5||56||35||60||41||48||13||28||
||20||23||54||57||36||61||10||49||
||53||6||25||22||51||8||27||12||
||24||21||52||7||26||11||50||9||


found solution 0 2 in 17830 steps
||34||43||0||15||32||53||10||13||
||1||16||33||42||11||14||31||52||
||44||35||46||49||54||63||12||9||
||17||2||55||62||41||48||51||30||
||36||45||40||47||50||61||8||23||
||3||18||59||56||39||24||29||26||
||58||37||20||5||60||27||22||7||
||19||4||57||38||21||6||25||28||


found solution 0 3 in 1955 steps
||31||40||15||0||29||54||13||10||
||16||1||30||39||14||11||28||55||
||41||32||63||60||53||56||9||12||
||2||17||52||57||38||61||48||27||
||33||42||37||62||59||50||23||8||
||18||3||58||51||36||47||26||49||
||43||34||5||20||45||24||7||22||
||4||19||44||35||6||21||46||25||


found solution 0 4 in 341 steps
||10||13||44||29||0||15||46||31||
||43||28||11||14||45||30||1||16||
||12||9||54||51||58||63||32||47||
||27||42||59||62||55||52||17||2||
||8||23||50||53||60||57||48||33||
||41||26||61||56||49||36||3||18||
||22||7||24||39||20||5||34||37||
||25||40||21||6||35||38||19||4||


found solution 0 5 in 441 steps
||13||10||55||32||15||0||51||34||
||56||31||14||11||54||33||16||1||
||9||12||63||58||45||52||35||50||
||30||57||44||53||48||61||2||17||
||23||8||59||62||43||46||49||36||
||26||29||24||47||60||39||18||3||
||7||22||27||42||5||20||37||40||
||28||25||6||21||38||41||4||19||


found solution 0 6 in 264211 steps
||30||15||46||51||32||17||0||3||
||45||50||31||16||47||2||33||18||
||14||29||48||59||52||63||4||1||
||49||44||53||62||37||60||19||34||
||28||13||58||43||54||35||38||5||
||57||10||55||36||61||42||23||20||
||12||27||8||41||22||25||6||39||
||9||56||11||26||7||40||21||24||


found solution 0 7 in 10760 steps
||21||36||5||56||19||38||3||0||
||6||55||20||37||4||1||18||39||
||35||22||63||54||57||46||49||2||
||62||7||58||47||60||53||40||17||
||23||34||61||52||45||48||13||50||
||8||31||44||59||26||51||16||41||
||33||24||29||10||43||14||27||12||
||30||9||32||25||28||11||42||15||


found solution 1 0 in 3932 steps
||33||18||1||56||35||20||3||6||
||0||59||34||19||2||5||36||21||
||17||32||55||60||57||50||7||4||
||54||47||58||51||40||61||22||37||
||31||16||53||62||49||38||41||8||
||46||13||48||39||52||63||26||23||
||15||30||11||44||25||28||9||42||
||12||45||14||29||10||43||24||27||


found solution 1 1 in 122993 steps
||30||15||52||1||32||17||60||3||
||51||0||31||16||53||2||33||18||
||14||29||54||63||44||59||4||61||
||55||50||45||58||37||62||19||34||
||28||13||56||43||46||35||38||5||
||49||10||47||36||57||42||23||20||
||12||27||8||41||22||25||6||39||
||9||48||11||26||7||40||21||24||


found solution 1 2 in 8471455 steps
||1||44||15||30||37||42||13||28||
||16||31||0||43||14||29||36||41||
||45||2||63||38||59||52||27||12||
||32||17||60||51||62||35||40||53||
||3||46||33||58||39||54||11||26||
||18||21||50||61||34||57||8||55||
||47||4||23||20||49||6||25||10||
||22||19||48||5||24||9||56||7||


found solution 1 3 in 135963 steps
||4||1||18||33||40||59||16||31||
||19||34||3||0||17||32||39||58||
||2||5||54||63||60||41||30||15||
||35||20||61||50||53||38||57||42||
||6||51||36||55||62||43||14||29||
||21||24||49||52||37||56||11||44||
||48||7||26||23||46||9||28||13||
||25||22||47||8||27||12||45||10||


found solution 1 4 in 9970 steps
||31||16||59||56||33||18||1||4||
||58||53||32||17||0||3||34||19||
||15||30||57||60||55||48||5||2||
||52||45||54||49||38||61||20||35||
||29||14||51||62||47||36||39||6||
||44||11||46||37||50||63||24||21||
||13||28||9||42||23||26||7||40||
||10||43||12||27||8||41||22||25||


found solution 1 5 in 767178 steps
||28||13||44||53||30||15||46||1||
||43||50||29||14||45||0||31||16||
||12||27||52||49||54||63||2||47||
||51||42||55||62||35||48||17||32||
||26||11||60||41||56||33||36||3||
||59||8||57||34||61||40||21||18||
||10||25||6||39||20||23||4||37||
||7||58||9||24||5||38||19||22||


found solution 1 6 in 10293838 steps
||3||44||17||32||1||42||15||30||
||18||33||2||43||16||31||0||41||
||45||4||63||38||59||52||29||14||
||34||19||60||51||62||37||40||53||
||5||46||35||58||39||54||13||28||
||20||23||50||61||36||57||10||55||
||47||6||25||22||49||8||27||12||
||24||21||48||7||26||11||56||9||


found solution 1 7 in 612 steps
||6||3||20||35||42||1||18||33||
||21||36||5||2||19||34||41||0||
||4||7||56||63||60||43||32||17||
||37||22||61||52||55||40||59||44||
||8||53||38||57||62||45||16||31||
||23||26||51||54||39||58||13||46||
||50||9||28||25||48||11||30||15||
||27||24||49||10||29||14||47||12||


found solution 2 0 in 341 steps
||44||1||32||17||42||3||34||19||
||31||16||43||2||33||18||41||4||
||0||45||54||51||58||63||20||35||
||15||30||59||62||55||52||5||40||
||46||11||50||53||60||57||36||21||
||29||14||61||56||49||24||39||6||
||10||47||12||27||8||37||22||25||
||13||28||9||48||23||26||7||38||


found solution 2 1 in 64 steps
||1||4||35||20||45||6||37||22||
||34||19||2||5||36||21||44||7||
||3||0||55||58||63||46||23||38||
||18||33||62||47||54||57||8||43||
||61||14||53||56||59||48||39||24||
||32||17||60||49||52||27||42||9||
||13||50||15||30||11||40||25||28||
||16||31||12||51||26||29||10||41||


found solution 2 2 in 7017 steps
||34||19||2||55||36||21||4||7||
||1||56||35||20||3||6||37||22||
||18||33||0||59||54||63||8||5||
||57||48||53||62||41||60||23||38||
||32||17||58||47||52||39||42||9||
||49||14||51||40||61||46||27||24||
||16||31||12||45||26||29||10||43||
||13||50||15||30||11||44||25||28||


found solution 2 3 in 222 steps
||31||16||47||2||33||18||55||4||
||46||1||32||17||48||3||34||19||
||15||30||49||0||61||56||5||54||
||50||45||60||57||38||53||20||35||
||29||14||51||62||59||36||39||6||
||44||11||58||37||52||63||24||21||
||13||28||9||42||23||26||7||40||
||10||43||12||27||8||41||22||25||


found solution 2 4 in 415 steps
||14||11||56||33||16||1||50||35||
||57||32||15||12||49||34||17||2||
||10||13||58||55||0||63||36||51||
||31||54||45||48||59||52||3||18||
||24||9||60||53||44||47||62||37||
||27||30||25||46||61||40||19||4||
||8||23||28||43||6||21||38||41||
||29||26||7||22||39||42||5||20||


found solution 2 5 in 262 steps
||7||4||21||36||43||2||19||34||
||22||37||6||3||20||35||42||1||
||5||8||55||44||59||0||33||18||
||38||23||60||53||56||41||46||63||
||9||54||39||58||45||62||17||32||
||24||27||52||61||40||57||14||47||
||51||10||29||26||49||12||31||16||
||28||25||50||11||30||15||48||13||


found solution 2 6 in 143 steps
||22||37||6||49||20||39||4||1||
||7||48||21||38||5||2||19||40||
||36||23||58||55||50||63||0||3||
||57||8||47||62||59||54||41||18||
||24||35||56||51||46||61||14||53||
||9||32||45||60||27||52||17||42||
||34||25||30||11||44||15||28||13||
||31||10||33||26||29||12||43||16||


found solution 2 7 in 46513 steps
||19||34||3||50||17||36||1||48||
||4||51||18||35||2||49||16||37||
||33||20||63||54||59||44||47||0||
||52||5||60||45||62||55||38||15||
||21||32||53||58||43||46||11||56||
||6||29||42||61||24||57||14||39||
||31||22||27||8||41||12||25||10||
||28||7||30||23||26||9||40||13||


found solution 3 0 in 2209 steps
||31||16||49||2||33||18||55||4||
||46||1||32||17||48||3||34||19||
||15||30||47||50||61||56||5||54||
||0||45||60||57||38||53||20||35||
||29||14||51||62||59||36||39||6||
||44||11||58||37||52||63||24||21||
||13||28||9||42||23||26||7||40||
||10||43||12||27||8||41||22||25||


found solution 3 1 in 4759 steps
||34||19||2||53||36||21||4||7||
||1||50||35||20||3||6||37||22||
||18||33||52||49||54||63||8||5||
||51||0||55||62||41||48||23||38||
||32||17||60||47||56||39||42||9||
||59||14||57||40||61||46||27||24||
||16||31||12||45||26||29||10||43||
||13||58||15||30||11||44||25||28||


found solution 3 2 in 485 steps
||45||2||33||18||43||4||35||20||
||32||17||44||3||34||19||42||5||
||1||46||63||56||59||52||21||36||
||16||31||0||53||62||57||6||41||
||47||12||55||58||51||60||37||22||
||30||15||50||61||54||25||40||7||
||11||48||13||28||9||38||23||26||
||14||29||10||49||24||27||8||39||


found solution 3 3 in 19873 steps
||32||17||54||59||34||19||2||5||
||55||58||33||18||1||4||35||20||
||16||31||56||53||60||63||6||3||
||57||46||61||0||39||52||21||36||
||30||15||50||45||62||37||40||7||
||49||12||47||38||51||44||25||22||
||14||29||10||43||24||27||8||41||
||11||48||13||28||9||42||23||26||


found solution 3 4 in 3974 steps
||29||14||45||60||31||16||43||40||
||46||55||30||15||44||41||32||17||
||13||28||59||56||61||50||39||42||
||54||47||62||51||0||57||18||33||
||27||12||53||58||49||34||1||38||
||6||9||48||63||52||37||22||19||
||11||26||7||4||21||24||35||2||
||8||5||10||25||36||3||20||23||


found solution 3 5 in 328 steps
||26||11||38||51||28||13||36||33||
||39||58||27||12||37||34||29||14||
||10||25||50||59||52||63||32||35||
||49||40||57||62||55||0||15||30||
||24||9||48||53||60||31||46||1||
||41||6||61||56||47||54||19||16||
||8||23||4||43||18||21||2||45||
||5||42||7||22||3||44||17||20||


found solution 3 6 in 42779 steps
||7||4||21||36||43||2||19||34||
||22||37||6||3||20||35||42||1||
||5||8||63||44||59||54||33||18||
||38||23||58||55||62||41||0||53||
||9||56||39||60||45||52||17||32||
||24||27||46||57||40||61||14||51||
||47||10||29||26||49||12||31||16||
||28||25||48||11||30||15||50||13||


found solution 3 7 in 81318 steps
||4||47||18||33||2||53||16||31||
||19||34||3||46||17||32||1||54||
||50||5||48||63||52||55||30||15||
||35||20||51||56||45||38||43||0||
||6||49||36||39||62||57||14||29||
||21||24||61||58||37||44||11||42||
||60||7||26||23||40||9||28||13||
||25||22||59||8||27||12||41||10||


found solution 4 0 in 16877 steps
||32||35||12||27||58||37||10||25||
||13||28||33||36||11||26||51||38||
||34||31||46||59||52||57||24||9||
||29||14||53||62||47||50||39||56||
||0||45||30||49||60||55||8||23||
||15||18||61||54||63||48||5||40||
||44||1||20||17||42||3||22||7||
||19||16||43||2||21||6||41||4||


found solution 4 1 in 1279151 steps
||49||46||15||30||39||44||13||28||
||16||31||48||45||14||29||38||43||
||47||50||63||40||59||54||27||12||
||32||17||58||53||62||37||42||55||
||51||0||33||60||41||56||11||26||
||18||21||52||57||36||61||8||5||
||1||34||23||20||3||6||25||10||
||22||19||2||35||24||9||4||7||


found solution 4 2 in 20930 steps
||32||17||56||3||34||19||60||5||
||53||2||33||18||55||4||35||20||
||16||31||54||57||46||61||6||59||
||1||52||47||62||39||58||21||36||
||30||15||0||45||48||37||40||7||
||51||12||49||38||63||44||25||22||
||14||29||10||43||24||27||8||41||
||11||50||13||28||9||42||23||26||


found solution 4 3 in 64 steps
||23||8||39||50||25||10||41||44||
||38||49||24||9||40||43||26||11||
||7||22||61||48||51||56||45||42||
||60||37||52||55||62||47||12||27||
||21||6||59||0||53||28||57||46||
||36||3||54||63||58||31||16||13||
||5||20||1||34||15||18||29||32||
||2||35||4||19||30||33||14||17||


found solution 4 4 in 9167 steps
||26||11||42||47||28||13||40||49||
||43||46||27||12||41||48||29||14||
||10||25||44||59||54||63||50||39||
||45||60||55||62||57||52||15||30||
||24||9||58||53||0||31||38||51||
||3||6||61||56||37||34||19||16||
||8||23||4||1||18||21||32||35||
||5||2||7||22||33||36||17||20||


found solution 4 5 in 203 steps
||25||10||45||50||27||12||31||34||
||44||49||26||11||46||33||28||13||
||9||24||47||54||51||30||35||32||
||48||43||60||63||58||53||14||29||
||23||8||55||52||61||0||57||36||
||42||5||62||59||56||37||18||15||
||7||22||3||40||17||20||1||38||
||4||41||6||21||2||39||16||19||


found solution 4 6 in 102 steps
||28||13||44||51||30||15||42||39||
||45||50||29||14||43||40||31||16||
||12||27||56||49||52||61||38||41||
||57||46||53||60||55||48||17||32||
||26||11||58||47||62||33||0||37||
||5||8||63||54||59||36||21||18||
||10||25||6||3||20||23||34||1||
||7||4||9||24||35||2||19||22||


found solution 4 7 in 20413 steps
||25||10||37||58||27||12||35||32||
||38||51||26||11||36||33||28||13||
||9||24||57||52||59||46||31||34||
||56||39||50||47||62||53||14||29||
||23||8||55||60||49||30||45||0||
||40||5||48||63||54||61||18||15||
||7||22||3||42||17||20||1||44||
||4||41||6||21||2||43||16||19||


found solution 5 0 in 341 steps
||13||28||9||48||23||26||7||38||
||10||47||12||27||8||37||22||25||
||29||14||61||56||49||24||39||6||
||46||11||50||53||60||57||36||21||
||15||30||59||62||55||52||5||40||
||0||45||54||51||58||63||20||35||
||31||16||43||2||33||18||41||4||
||44||1||32||17||42||3||34||19||


found solution 5 1 in 444 steps
||28||49||12||37||26||39||10||7||
||13||36||27||62||11||8||25||40||
||48||29||50||55||38||63||6||9||
||35||14||61||58||51||54||41||24||
||30||47||34||53||56||59||20||5||
||15||0||57||60||33||52||23||42||
||46||31||2||17||44||21||4||19||
||1||16||45||32||3||18||43||22||


found solution 5 2 in 215144 steps
||25||10||45||40||27||12||47||56||
||44||39||26||11||46||57||28||13||
||9||24||61||58||41||50||55||48||
||60||43||38||51||62||53||14||29||
||23||8||59||42||37||30||49||54||
||2||5||0||63||52||33||18||15||
||7||22||3||36||17||20||31||34||
||4||1||6||21||32||35||16||19||


found solution 5 3 in 157 steps
||20||5||46||33||22||7||48||35||
||45||32||21||6||47||34||23||8||
||4||19||56||53||58||63||36||49||
||31||44||59||62||55||52||9||24||
||18||3||54||57||60||25||50||37||
||43||30||61||0||51||38||13||10||
||2||17||28||41||12||15||26||39||
||29||42||1||16||27||40||11||14||


found solution 5 4 in 3499 steps
||25||10||37||52||27||12||35||32||
||38||51||26||11||36||33||28||13||
||9||24||61||58||53||46||31||34||
||60||39||50||47||62||57||14||29||
||23||8||59||54||49||30||45||56||
||40||5||48||63||0||55||18||15||
||7||22||3||42||17||20||1||44||
||4||41||6||21||2||43||16||19||


found solution 5 5 in 3260 steps
||38||51||12||27||36||53||10||25||
||13||28||37||52||11||26||35||54||
||50||39||58||63||56||47||24||9||
||29||14||61||48||59||34||55||46||
||40||49||30||57||62||45||8||23||
||15||18||41||60||33||0||5||2||
||42||31||20||17||44||3||22||7||
||19||16||43||32||21||6||1||4||


found solution 5 6 in 149 steps
||7||10||41||26||53||12||43||28||
||40||25||8||11||42||27||52||13||
||9||6||49||54||63||58||29||44||
||24||39||62||57||48||51||14||59||
||5||20||47||50||55||60||45||30||
||38||23||56||61||46||33||0||15||
||19||4||21||36||17||2||31||34||
||22||37||18||3||32||35||16||1||


found solution 5 7 in 473 steps
||28||7||42||23||26||9||40||13||
||43||22||27||8||41||12||25||10||
||6||29||50||55||24||59||14||39||
||21||44||63||58||51||54||11||60||
||30||5||52||49||56||61||38||15||
||45||20||57||62||53||48||35||0||
||4||31||18||47||2||33||16||37||
||19||46||3||32||17||36||1||34||


found solution 6 0 in 117656 steps
||40||47||14||29||38||49||12||27||
||15||30||39||48||13||28||37||50||
||46||41||54||63||58||61||26||11||
||31||16||57||44||55||36||51||60||
||42||45||32||53||62||59||10||25||
||17||20||43||56||35||52||7||4||
||0||33||22||19||2||5||24||9||
||21||18||1||34||23||8||3||6||


found solution 6 1 in 81 steps
||31||34||11||26||49||36||9||24||
||12||27||32||35||10||25||48||37||
||33||30||63||54||59||50||23||8||
||28||13||58||51||62||53||38||47||
||57||44||29||60||55||46||7||22||
||14||17||56||45||52||61||4||39||
||43||0||19||16||41||2||21||6||
||18||15||42||1||20||5||40||3||


found solution 6 2 in 339 steps
||22||7||38||49||24||9||40||43||
||37||50||23||8||39||42||25||10||
||6||21||52||63||48||59||44||41||
||51||36||55||58||53||46||11||26||
||20||5||62||47||56||27||60||45||
||35||2||57||54||61||30||15||12||
||4||19||0||33||14||17||28||31||
||1||34||3||18||29||32||13||16||


found solution 6 3 in 28258 steps
||25||10||41||50||27||12||39||56||
||42||49||26||11||40||57||28||13||
||9||24||61||58||51||46||55||38||
||60||43||48||45||62||53||14||29||
||23||8||59||52||47||30||37||54||
||2||5||44||63||36||33||18||15||
||7||22||3||0||17||20||31||34||
||4||1||6||21||32||35||16||19||


found solution 6 4 in 8693 steps
||38||53||12||27||36||51||10||25||
||13||28||37||52||11||26||35||50||
||54||39||58||63||56||49||24||9||
||29||14||55||46||59||34||61||48||
||40||45||30||57||62||47||8||23||
||15||18||41||44||33||60||5||2||
||42||31||20||17||0||3||22||7||
||19||16||43||32||21||6||1||4||


found solution 6 5 in 302160175 steps
||43||40||9||24||33||38||7||22||
||10||25||42||39||8||23||32||37||
||41||44||63||34||59||54||21||6||
||26||11||58||55||62||31||36||53||
||45||56||27||60||35||52||5||20||
||12||15||46||57||30||61||2||51||
||47||28||17||14||49||0||19||4||
||16||13||48||29||18||3||50||1||


found solution 6 6 in 94 steps
||24||9||36||49||26||11||34||31||
||37||48||25||10||35||32||27||12||
||8||23||54||59||50||63||30||33||
||47||38||51||62||53||58||13||28||
||22||7||46||55||60||29||44||57||
||39||4||61||52||45||56||17||14||
||6||21||2||41||16||19||0||43||
||3||40||5||20||1||42||15||18||


found solution 6 7 in 64 steps
||27||12||43||50||29||14||41||38||
||44||49||28||13||42||39||30||15||
||11||26||61||48||51||56||37||40||
||60||45||52||55||62||47||16||31||
||25||10||59||46||53||32||57||36||
||4||7||54||63||58||35||20||17||
||9||24||5||2||19||22||33||0||
||6||3||8||23||34||1||18||21||


found solution 7 0 in 10727 steps
||27||54||11||36||25||38||9||6||
||12||35||26||55||10||7||24||39||
||53||28||61||48||37||56||5||8||
||34||13||52||57||62||49||40||23||
||29||60||33||50||47||58||19||4||
||14||51||46||59||32||63||22||41||
||45||30||1||16||43||20||3||18||
||0||15||44||31||2||17||42||21||


found solution 7 1 in 207 steps
||24||9||40||51||26||11||42||45||
||39||54||25||10||41||44||27||12||
||8||23||52||55||50||59||46||43||
||53||38||63||58||61||48||13||28||
||22||7||56||49||36||29||60||47||
||1||4||37||62||57||32||17||14||
||6||21||2||35||16||19||30||33||
||3||0||5||20||31||34||15||18||


found solution 7 2 in 919 steps
||19||4||45||32||21||6||47||34||
||44||31||20||5||46||33||22||7||
||3||18||59||54||61||50||35||48||
||30||43||62||51||58||55||8||23||
||17||2||57||60||53||24||49||36||
||42||29||52||63||56||37||12||9||
||1||16||27||40||11||14||25||38||
||28||41||0||15||26||39||10||13||


found solution 7 3 in 171 steps
||4||7||38||23||48||9||40||25||
||37||22||5||8||39||24||47||10||
||6||3||56||61||54||49||26||41||
||21||36||53||50||57||60||11||46||
||2||17||58||55||62||51||42||27||
||35||20||63||52||59||30||45||12||
||16||1||18||33||14||43||28||31||
||19||34||15||0||29||32||13||44||


found solution 7 4 in 1989 steps
||25||38||9||56||23||40||7||4||
||10||59||24||39||8||5||22||41||
||37||26||55||60||57||48||3||6||
||54||11||58||49||52||61||42||21||
||27||36||53||62||47||50||17||2||
||12||33||46||51||30||63||20||43||
||35||28||31||14||45||18||1||16||
||32||13||34||29||0||15||44||19||


found solution 7 5 in 786 steps
||34||47||6||21||32||45||4||19||
||7||22||33||46||5||20||31||44||
||48||35||50||61||54||59||18||3||
||23||8||55||58||51||62||43||30||
||36||49||24||53||60||57||2||17||
||9||12||37||56||63||52||29||42||
||38||25||14||11||40||27||16||1||
||13||10||39||26||15||0||41||28||


found solution 7 6 in 72168513 steps
||45||42||11||26||35||40||9||24||
||12||27||44||41||10||25||34||39||
||43||46||63||36||59||54||23||8||
||28||13||58||55||62||33||38||53||
||47||56||29||60||37||52||7||22||
||14||17||48||57||32||61||4||1||
||49||30||19||16||51||2||21||6||
||18||15||50||31||20||5||0||3||


found solution 7 7 in 568 steps
||6||9||40||25||62||11||42||27||
||39||24||7||10||41||26||51||12||
||8||5||48||63||52||61||28||43||
||23||38||53||60||47||50||13||56||
||4||19||46||49||58||55||44||29||
||37||22||59||54||45||32||57||14||
||18||3||20||35||16||1||30||33||
||21||36||17||2||31||34||15||0||

